0 |roiAndLabel 58.0 398.0 1582.0 837.0 1.0
1 |roiAndLabel 173.0 147.0 516.0 503.0 2.0
2 |roiAndLabel 410.0 746.0 1542.0 1739.0 3.0
3 |roiAndLabel 146.0 451.0 541.0 757.0 4.0
4 |roiAndLabel 153.0 76.0 775.0 308.0 5.0 544.0 327.0 750.0 375.0 6.0 25.0 206.0 119.0 336.0 6.0 805.0 187.0 877.0 306.0 6.0
5 |roiAndLabel 196.0 37.0 480.0 263.0 7.0
6 |roiAndLabel 42.0 482.0 466.0 656.0 5.0 237.0 234.0 546.0 492.0 5.0 18.0 192.0 214.0 414.0 6.0
7 |roiAndLabel 56.0 29.0 437.0 282.0 8.0
8 |roiAndLabel 11.0 39.0 475.0 267.0 5.0
9 |roiAndLabel 138.0 29.0 513.0 294.0 9.0
10 |roiAndLabel 435.0 459.0 1533.0 1323.0 10.0 1167.0 960.0 2052.0 1755.0 10.0
11 |roiAndLabel 35.0 0.0 159.0 223.0 5.0 166.0 64.0 242.0 238.0 5.0 170.0 6.0 250.0 52.0 6.0
12 |roiAndLabel 37.0 51.0 418.0 265.0 1.0
13 |roiAndLabel 86.0 37.0 306.0 337.0 11.0 318.0 213.0 427.0 310.0 11.0
14 |roiAndLabel 380.0 61.0 1521.0 941.0 12.0
15 |roiAndLabel 8.0 6.0 224.0 206.0 13.0
16 |roiAndLabel 237.0 245.0 431.0 403.0 6.0 410.0 95.0 638.0 331.0 5.0 0.0 2.0 386.0 185.0 14.0
17 |roiAndLabel 13.0 3.0 788.0 590.0 10.0
18 |roiAndLabel 219.0 102.0 591.0 431.0 3.0
19 |roiAndLabel 87.0 74.0 606.0 453.0 3.0
20 |roiAndLabel 48.0 20.0 242.0 175.0 11.0
21 |roiAndLabel 196.0 261.0 724.0 911.0 4.0
22 |roiAndLabel 332.0 50.0 497.0 262.0 5.0 161.0 179.0 341.0 308.0 6.0 28.0 0.0 294.0 172.0 14.0
23 |roiAndLabel 140.0 263.0 429.0 463.0 15.0
24 |roiAndLabel 79.0 14.0 720.0 373.0 16.0
25 |roiAndLabel 91.0 55.0 438.0 180.0 9.0 23.0 209.0 448.0 268.0 6.0
26 |roiAndLabel 168.0 134.0 447.0 287.0 17.0
27 |roiAndLabel 90.0 205.0 2467.0 1251.0 5.0 499.0 1324.0 2223.0 1877.0 6.0
28 |roiAndLabel 5.0 37.0 249.0 193.0 5.0
29 |roiAndLabel 22.0 37.0 229.0 209.0 5.0
30 |roiAndLabel 296.0 128.0 1246.0 862.0 17.0
31 |roiAndLabel 44.0 98.0 464.0 255.0 5.0 146.0 7.0 447.0 98.0 6.0
32 |roiAndLabel 62.0 388.0 716.0 1014.0 10.0
33 |roiAndLabel 92.0 28.0 591.0 566.0 13.0
34 |roiAndLabel 21.0 49.0 235.0 238.0 18.0
35 |roiAndLabel 24.0 135.0 219.0 250.0 18.0
36 |roiAndLabel 105.0 17.0 318.0 206.0 16.0
37 |roiAndLabel 293.0 649.0 1061.0 1369.0 19.0
38 |roiAndLabel 86.0 12.0 348.0 199.0 16.0
39 |roiAndLabel 32.0 40.0 1354.0 624.0 5.0
40 |roiAndLabel 31.0 20.0 478.0 260.0 5.0
41 |roiAndLabel 99.0 394.0 635.0 616.0 15.0
42 |roiAndLabel 49.0 307.0 513.0 756.0 5.0
43 |roiAndLabel 35.0 81.0 614.0 433.0 18.0
44 |roiAndLabel 297.0 187.0 1157.0 1330.0 12.0
45 |roiAndLabel 619.0 786.0 4912.0 3262.0 5.0
46 |roiAndLabel 90.0 66.0 244.0 136.0 5.0 34.0 117.0 96.0 177.0 5.0 117.0 150.0 242.0 187.0 6.0
47 |roiAndLabel 93.0 21.0 554.0 315.0 16.0
48 |roiAndLabel 146.0 94.0 798.0 484.0 1.0
49 |roiAndLabel 855.0 1053.0 2157.0 1695.0 5.0 1161.0 513.0 2091.0 1035.0 5.0 549.0 384.0 1125.0 1089.0 6.0 456.0 1074.0 795.0 1527.0 6.0
50 |roiAndLabel 867.0 42.0 2675.0 1741.0 17.0
51 |roiAndLabel 57.0 55.0 503.0 292.0 19.0
52 |roiAndLabel 48.0 112.0 916.0 623.0 20.0
53 |roiAndLabel 4.0 222.0 564.0 631.0 15.0
54 |roiAndLabel 187.0 114.0 640.0 431.0 15.0
55 |roiAndLabel 316.0 534.0 3821.0 2810.0 19.0
56 |roiAndLabel 9.0 22.0 250.0 188.0 5.0 19.0 193.0 250.0 243.0 6.0
57 |roiAndLabel 110.0 209.0 646.0 867.0 5.0
58 |roiAndLabel 176.0 126.0 694.0 316.0 19.0
59 |roiAndLabel 112.0 355.0 362.0 494.0 20.0
60 |roiAndLabel 54.0 3.0 166.0 225.0 13.0 172.0 9.0 264.0 126.0 13.0 281.0 37.0 364.0 106.0 13.0
61 |roiAndLabel 165.0 402.0 575.0 843.0 17.0
62 |roiAndLabel 185.0 198.0 674.0 967.0 12.0
63 |roiAndLabel 96.0 51.0 433.0 289.0 4.0
64 |roiAndLabel 1280.0 368.0 5060.0 2763.0 7.0
65 |roiAndLabel 74.0 88.0 627.0 538.0 17.0
66 |roiAndLabel 63.0 320.0 430.0 796.0 3.0
67 |roiAndLabel 52.0 284.0 925.0 1129.0 5.0
68 |roiAndLabel 177.0 81.0 463.0 346.0 5.0 444.0 32.0 728.0 307.0 10.0
69 |roiAndLabel 192.0 13.0 410.0 207.0 5.0 11.0 172.0 199.0 270.0 6.0
70 |roiAndLabel 106.0 99.0 957.0 584.0 1.0
71 |roiAndLabel 263.0 86.0 710.0 432.0 1.0
72 |roiAndLabel 57.0 42.0 573.0 415.0 3.0
73 |roiAndLabel 38.0 54.0 256.0 141.0 5.0 158.0 145.0 256.0 193.0 6.0
74 |roiAndLabel 272.0 230.0 497.0 433.0 21.0 512.0 29.0 720.0 245.0 6.0 208.0 3.0 469.0 116.0 14.0
75 |roiAndLabel 33.0 34.0 479.0 336.0 10.0
76 |roiAndLabel 89.0 113.0 566.0 406.0 9.0
77 |roiAndLabel 164.0 259.0 706.0 562.0 5.0 361.0 558.0 474.0 673.0 5.0 368.0 669.0 537.0 769.0 5.0 491.0 568.0 727.0 684.0 6.0 169.0 568.0 341.0 741.0 6.0
78 |roiAndLabel 322.0 49.0 834.0 646.0 10.0 22.0 165.0 636.0 680.0 10.0
79 |roiAndLabel 207.0 99.0 540.0 284.0 5.0 192.0 308.0 511.0 403.0 6.0 118.0 145.0 183.0 341.0 6.0 549.0 105.0 628.0 315.0 6.0
80 |roiAndLabel 280.0 25.0 2722.0 2032.0 7.0
81 |roiAndLabel 250.0 189.0 1118.0 709.0 17.0
82 |roiAndLabel 93.0 35.0 314.0 221.0 12.0
83 |roiAndLabel 27.0 2.0 550.0 315.0 18.0
84 |roiAndLabel 210.0 95.0 868.0 513.0 5.0
85 |roiAndLabel 199.0 113.0 950.0 461.0 5.0 260.0 468.0 1036.0 632.0 6.0 967.0 326.0 1092.0 497.0 6.0
86 |roiAndLabel 2.0 4.0 582.0 405.0 5.0 645.0 80.0 715.0 391.0 6.0
87 |roiAndLabel 204.0 205.0 617.0 542.0 9.0
88 |roiAndLabel 92.0 14.0 952.0 884.0 12.0
89 |roiAndLabel 12.0 256.0 539.0 747.0 5.0
90 |roiAndLabel 43.0 29.0 316.0 288.0 13.0
91 |roiAndLabel 323.0 931.0 1206.0 1576.0 11.0 200.0 457.0 609.0 1164.0 6.0 632.0 557.0 826.0 758.0 6.0
92 |roiAndLabel 425.0 308.0 897.0 559.0 3.0
93 |roiAndLabel 37.0 243.0 586.0 691.0 10.0
94 |roiAndLabel 8.0 120.0 457.0 426.0 20.0 546.0 132.0 1007.0 403.0 20.0
95 |roiAndLabel 169.0 135.0 525.0 397.0 11.0
96 |roiAndLabel 333.0 147.0 584.0 389.0 2.0
97 |roiAndLabel 46.0 63.0 593.0 572.0 18.0
98 |roiAndLabel 129.0 168.0 750.0 946.0 12.0
99 |roiAndLabel 307.0 136.0 560.0 358.0 2.0
100 |roiAndLabel 165.0 193.0 653.0 488.0 21.0
101 |roiAndLabel 239.0 67.0 415.0 213.0 5.0 103.0 189.0 294.0 289.0 5.0 31.0 17.0 226.0 171.0 6.0
102 |roiAndLabel 63.0 53.0 638.0 349.0 10.0
103 |roiAndLabel 68.0 31.0 500.0 315.0 3.0
104 |roiAndLabel 64.0 150.0 782.0 629.0 10.0
105 |roiAndLabel 199.0 158.0 493.0 509.0 5.0 526.0 333.0 601.0 503.0 6.0 295.0 542.0 459.0 603.0 6.0 251.0 75.0 403.0 136.0 6.0
106 |roiAndLabel 143.0 230.0 538.0 645.0 17.0
107 |roiAndLabel 171.0 447.0 2862.0 2109.0 3.0
108 |roiAndLabel 530.0 79.0 717.0 495.0 12.0 335.0 662.0 570.0 1002.0 12.0
109 |roiAndLabel 265.0 119.0 736.0 586.0 2.0
110 |roiAndLabel 525.0 63.0 816.0 622.0 2.0
111 |roiAndLabel 59.0 34.0 413.0 343.0 5.0
112 |roiAndLabel 82.0 106.0 494.0 273.0 8.0
113 |roiAndLabel 106.0 161.0 540.0 792.0 8.0
114 |roiAndLabel 110.0 28.0 333.0 207.0 1.0
115 |roiAndLabel 9.0 70.0 159.0 223.0 5.0 176.0 114.0 250.0 223.0 14.0
116 |roiAndLabel 35.0 42.0 847.0 660.0 21.0
117 |roiAndLabel 56.0 586.0 751.0 1008.0 21.0 205.0 248.0 787.0 569.0 6.0
118 |roiAndLabel 6.0 195.0 568.0 1036.0 12.0
119 |roiAndLabel 100.0 87.0 444.0 283.0 7.0
120 |roiAndLabel 169.0 204.0 1869.0 1137.0 12.0
121 |roiAndLabel 98.0 248.0 650.0 847.0 5.0
122 |roiAndLabel 104.0 14.0 412.0 383.0 5.0
123 |roiAndLabel 150.0 159.0 346.0 315.0 6.0 281.0 81.0 483.0 253.0 5.0 8.0 3.0 303.0 167.0 14.0
124 |roiAndLabel 29.0 273.0 255.0 460.0 7.0 14.0 105.0 165.0 240.0 22.0 235.0 110.0 323.0 254.0 23.0 547.0 132.0 640.0 250.0 24.0 487.0 153.0 544.0 244.0 22.0
125 |roiAndLabel 136.0 26.0 587.0 446.0 19.0 454.0 191.0 895.0 707.0 19.0 910.0 435.0 1053.0 684.0 6.0 3.0 64.0 111.0 352.0 6.0
126 |roiAndLabel 74.0 130.0 579.0 426.0 8.0
127 |roiAndLabel 331.0 229.0 1138.0 962.0 20.0
128 |roiAndLabel 467.0 300.0 3000.0 2020.0 8.0
129 |roiAndLabel 102.0 60.0 459.0 336.0 16.0
130 |roiAndLabel 151.0 292.0 636.0 810.0 5.0
131 |roiAndLabel 211.0 415.0 580.0 930.0 9.0 12.0 423.0 201.0 671.0 6.0
132 |roiAndLabel 74.0 77.0 485.0 275.0 5.0 262.0 361.0 610.0 462.0 14.0 441.0 253.0 610.0 363.0 14.0
133 |roiAndLabel 196.0 61.0 598.0 466.0 9.0
134 |roiAndLabel 65.0 118.0 563.0 320.0 5.0
135 |roiAndLabel 192.0 352.0 1666.0 881.0 5.0 498.0 33.0 1479.0 340.0 6.0
136 |roiAndLabel 46.0 141.0 234.0 250.0 18.0
137 |roiAndLabel 73.0 46.0 508.0 412.0 20.0
138 |roiAndLabel 3.0 4.0 439.0 307.0 20.0
139 |roiAndLabel 31.0 48.0 250.0 150.0 5.0 18.0 160.0 247.0 250.0 6.0
140 |roiAndLabel 993.0 594.0 2340.0 1812.0 2.0
141 |roiAndLabel 41.0 45.0 248.0 157.0 4.0
142 |roiAndLabel 40.0 46.0 1228.0 960.0 15.0
143 |roiAndLabel 132.0 253.0 662.0 768.0 3.0
144 |roiAndLabel 419.0 266.0 2702.0 2355.0 15.0
145 |roiAndLabel 241.0 263.0 1182.0 735.0 1.0
146 |roiAndLabel 65.0 48.0 468.0 292.0 5.0 470.0 235.0 549.0 306.0 6.0 30.0 112.0 63.0 249.0 6.0
147 |roiAndLabel 96.0 39.0 430.0 345.0 15.0
148 |roiAndLabel 84.0 15.0 504.0 306.0 7.0
149 |roiAndLabel 138.0 85.0 679.0 502.0 15.0
150 |roiAndLabel 218.0 294.0 883.0 617.0 7.0
151 |roiAndLabel 49.0 519.0 689.0 935.0 5.0 94.0 1036.0 465.0 1314.0 6.0 403.0 953.0 735.0 1205.0 10.0
152 |roiAndLabel 110.0 23.0 407.0 318.0 11.0
153 |roiAndLabel 627.0 344.0 1042.0 750.0 21.0 302.0 281.0 559.0 710.0 6.0
154 |roiAndLabel 520.0 97.0 806.0 637.0 5.0 227.0 87.0 513.0 535.0 6.0
155 |roiAndLabel 109.0 57.0 364.0 427.0 21.0 374.0 32.0 534.0 259.0 21.0 382.0 266.0 608.0 437.0 6.0 569.0 126.0 695.0 302.0 6.0
156 |roiAndLabel 36.0 36.0 232.0 166.0 11.0
157 |roiAndLabel 162.0 226.0 620.0 574.0 12.0
158 |roiAndLabel 191.0 310.0 650.0 617.0 5.0 318.0 626.0 650.0 784.0 6.0
159 |roiAndLabel 100.0 50.0 284.0 196.0 12.0
160 |roiAndLabel 271.0 25.0 515.0 315.0 11.0 66.0 54.0 238.0 315.0 6.0
161 |roiAndLabel 151.0 55.0 591.0 287.0 21.0
162 |roiAndLabel 15.0 17.0 250.0 250.0 18.0
163 |roiAndLabel 76.0 87.0 258.0 311.0 18.0 260.0 88.0 436.0 314.0 18.0
164 |roiAndLabel 70.0 145.0 646.0 830.0 21.0
165 |roiAndLabel 99.0 379.0 475.0 559.0 15.0
166 |roiAndLabel 111.0 84.0 857.0 638.0 12.0
167 |roiAndLabel 140.0 122.0 559.0 325.0 16.0
168 |roiAndLabel 29.0 264.0 563.0 541.0 11.0
169 |roiAndLabel 544.0 897.0 4417.0 2587.0 7.0
170 |roiAndLabel 312.0 122.0 598.0 380.0 5.0 202.0 343.0 336.0 481.0 6.0
171 |roiAndLabel 348.0 175.0 608.0 626.0 7.0 640.0 484.0 867.0 627.0 7.0
172 |roiAndLabel 453.0 274.0 1171.0 694.0 4.0
173 |roiAndLabel 533.0 170.0 1400.0 1026.0 16.0
174 |roiAndLabel 1304.0 409.0 4679.0 2821.0 3.0
175 |roiAndLabel 3.0 56.0 235.0 167.0 21.0 5.0 2.0 138.0 44.0 14.0
176 |roiAndLabel 15.0 53.0 418.0 286.0 13.0
177 |roiAndLabel 208.0 110.0 766.0 618.0 5.0
178 |roiAndLabel 320.0 130.0 576.0 374.0 5.0 195.0 312.0 330.0 436.0 6.0
179 |roiAndLabel 36.0 76.0 635.0 456.0 5.0 114.0 552.0 460.0 860.0 6.0 466.0 480.0 683.0 782.0 10.0
180 |roiAndLabel 35.0 49.0 236.0 174.0 5.0
181 |roiAndLabel 6.0 8.0 689.0 385.0 13.0
182 |roiAndLabel 122.0 77.0 784.0 327.0 5.0 554.0 333.0 722.0 396.0 6.0 30.0 214.0 109.0 341.0 6.0 795.0 162.0 888.0 322.0 6.0
183 |roiAndLabel 141.0 224.0 578.0 439.0 17.0
184 |roiAndLabel 29.0 7.0 513.0 306.0 5.0
185 |roiAndLabel 103.0 116.0 297.0 313.0 18.0 20.0 37.0 229.0 246.0 18.0
186 |roiAndLabel 84.0 34.0 323.0 239.0 15.0
187 |roiAndLabel 99.0 201.0 656.0 1062.0 12.0
188 |roiAndLabel 120.0 448.0 1359.0 1247.0 11.0
189 |roiAndLabel 50.0 83.0 613.0 360.0 2.0
190 |roiAndLabel 9.0 7.0 551.0 309.0 13.0
191 |roiAndLabel 95.0 45.0 454.0 300.0 2.0
192 |roiAndLabel 776.0 581.0 2283.0 1421.0 9.0
193 |roiAndLabel 206.0 92.0 685.0 350.0 1.0
194 |roiAndLabel 29.0 181.0 476.0 711.0 8.0
195 |roiAndLabel 180.0 107.0 824.0 601.0 16.0
196 |roiAndLabel 3.0 5.0 243.0 228.0 13.0
197 |roiAndLabel 373.0 224.0 1365.0 891.0 1.0
198 |roiAndLabel 81.0 190.0 552.0 689.0 8.0
199 |roiAndLabel 215.0 31.0 633.0 451.0 21.0
200 |roiAndLabel 83.0 62.0 465.0 317.0 5.0 517.0 54.0 680.0 342.0 14.0
201 |roiAndLabel 52.0 14.0 544.0 301.0 8.0
202 |roiAndLabel 150.0 161.0 1106.0 669.0 20.0
203 |roiAndLabel 242.0 139.0 1414.0 1013.0 3.0
204 |roiAndLabel 95.0 10.0 984.0 426.0 10.0
205 |roiAndLabel 65.0 40.0 569.0 326.0 9.0
206 |roiAndLabel 26.0 388.0 506.0 611.0 5.0 236.0 223.0 492.0 408.0 5.0 33.0 168.0 212.0 379.0 6.0
207 |roiAndLabel 127.0 47.0 538.0 393.0 8.0
208 |roiAndLabel 306.0 9.0 993.0 602.0 5.0
209 |roiAndLabel 24.0 109.0 473.0 265.0 5.0 135.0 7.0 461.0 105.0 6.0
210 |roiAndLabel 5.0 33.0 216.0 192.0 5.0 27.0 192.0 234.0 250.0 6.0 222.0 51.0 250.0 228.0 6.0
211 |roiAndLabel 265.0 145.0 1015.0 621.0 20.0
212 |roiAndLabel 139.0 1042.0 833.0 1703.0 19.0 466.0 761.0 1012.0 1134.0 6.0 896.0 1118.0 1200.0 1451.0 6.0 311.0 115.0 1183.0 569.0 19.0
213 |roiAndLabel 194.0 250.0 1816.0 893.0 9.0
214 |roiAndLabel 116.0 88.0 656.0 395.0 16.0
215 |roiAndLabel 233.0 49.0 1212.0 630.0 16.0
216 |roiAndLabel 7.0 3.0 243.0 130.0 18.0
217 |roiAndLabel 55.0 455.0 421.0 744.0 7.0
218 |roiAndLabel 309.0 811.0 1149.0 1251.0 20.0
219 |roiAndLabel 132.0 316.0 623.0 714.0 1.0
220 |roiAndLabel 0.0 109.0 727.0 906.0 19.0 948.0 771.0 1291.0 1199.0 19.0 301.0 1306.0 749.0 1765.0 19.0
221 |roiAndLabel 15.0 18.0 753.0 443.0 13.0
222 |roiAndLabel 48.0 45.0 332.0 488.0 4.0
223 |roiAndLabel 33.0 39.0 390.0 237.0 5.0
224 |roiAndLabel 19.0 197.0 711.0 770.0 20.0
225 |roiAndLabel 12.0 77.0 800.0 624.0 19.0
226 |roiAndLabel 66.0 121.0 629.0 908.0 10.0
